1,1,1196.52001953125,800.7822875976562,79.3470458984375,74.5667724609375,-1,-1,-1,-1
2,1,1211.4161376953125,787.5661010742188,77.9317626953125,71.987548828125,-1,-1,-1,-1
3,1,1245.7767333984375,774.081298828125,77.121826171875,69.10791015625,-1,-1,-1,-1
4,1,1245.790771484375,773.8699340820312,76.7774658203125,69.54901123046875,-1,-1,-1,-1
5,1,1260.32568359375,778.0534057617188,79.3350830078125,71.00213623046875,-1,-1,-1,-1
6,1,1276.4271240234375,778.3574829101562,81.63525390625,72.27178955078125,-1,-1,-1,-1
7,1,1301.7208251953125,780.5848999023438,81.750244140625,72.31341552734375,-1,-1,-1,-1
8,1,1301.6566162109375,780.6936645507812,81.9012451171875,72.21234130859375,-1,-1,-1,-1
9,1,1306.3653564453125,785.9168090820312,77.381591796875,71.47308349609375,-1,-1,-1,-1
10,1,1315.818603515625,790.7622680664062,72.862548828125,69.12298583984375,-1,-1,-1,-1
11,1,1316.5303955078125,792.9325561523438,72.1241455078125,73.11236572265625,-1,-1,-1,-1
12,1,1317.3826904296875,795.4685668945312,68.4710693359375,70.341796875,-1,-1,-1,-1
13,1,1321.052490234375,800.826416015625,64.49169921875,65.2039794921875,-1,-1,-1,-1
14,1,1326.139892578125,806.029541015625,67.26806640625,68.1502685546875,-1,-1,-1,-1
15,1,1331.4180908203125,809.0902099609375,61.1507568359375,62.06219482421875,-1,-1,-1,-1
16,1,1336.5694580078125,809.4765014648438,61.5189208984375,62.05194091796875,-1,-1,-1,-1
17,1,1340.092041015625,810.1309814453125,55.382080078125,58.3046875,-1,-1,-1,-1
18,1,1344.465087890625,809.7240600585938,51.7369384765625,58.0869140625,-1,-1,-1,-1
19,1,1349.665283203125,811.9856567382812,53.0728759765625,56.3555908203125,-1,-1,-1,-1
20,1,1353.9388427734375,811.9723510742188,48.71044921875,55.84686279296875,-1,-1,-1,-1
21,1,1358.62646484375,814.1356201171875,50.293212890625,52.22393798828125,-1,-1,-1,-1
22,1,1360.8203125,813.991943359375,49.7738037109375,52.2691650390625,-1,-1,-1,-1
23,1,1360.3883056640625,813.744140625,51.668212890625,53.55291748046875,-1,-1,-1,-1
24,1,1365.371826171875,812.5292358398438,56.0257568359375,55.9871826171875,-1,-1,-1,-1
25,1,1368.8046875,817.84228515625,55.1087646484375,60.014892578125,-1,-1,-1,-1
26,1,1372.3082275390625,818.4087524414062,59.5587158203125,61.2777099609375,-1,-1,-1,-1
27,1,1380.8050537109375,818.4042358398438,60.822265625,61.8309326171875,-1,-1,-1,-1
28,1,1388.0330810546875,820.5057983398438,65.49365234375,67.88165283203125,-1,-1,-1,-1
29,1,1401.8958740234375,820.1417236328125,70.12646484375,70.6885986328125,-1,-1,-1,-1
30,1,1418.331787109375,821.5533447265625,70.5157470703125,68.60430908203125,-1,-1,-1,-1
31,1,1432.0615234375,821.5585327148438,75.953369140625,68.890380859375,-1,-1,-1,-1
32,1,1441.41650390625,820.6325073242188,80.838623046875,69.4111328125,-1,-1,-1,-1
33,1,1453.1732177734375,825.6688232421875,88.635986328125,65.0943603515625,-1,-1,-1,-1
34,1,1464.088134765625,826.2635498046875,88.5797119140625,65.65618896484375,-1,-1,-1,-1
35,1,1476.3890380859375,831.1484375,93.5465087890625,68.81292724609375,-1,-1,-1,-1
36,1,1488.8690185546875,831.2944946289062,89.9251708984375,68.91156005859375,-1,-1,-1,-1
37,1,1500.1727294921875,836.880126953125,96.62548828125,71.89569091796875,-1,-1,-1,-1
38,1,1515.5819091796875,841.3861083984375,95.7664794921875,70.7330322265625,-1,-1,-1,-1
39,1,1526.3536376953125,845.3907470703125,96.9814453125,73.3687744140625,-1,-1,-1,-1
40,1,1537.6923828125,852.0653686523438,92.748046875,73.59185791015625,-1,-1,-1,-1
41,1,1546.3785400390625,854.6516723632812,99.231201171875,74.2164306640625,-1,-1,-1,-1
42,1,1551.8134765625,855.086669921875,96.505126953125,71.3162841796875,-1,-1,-1,-1
43,1,1555.845947265625,859.1511840820312,97.04248046875,68.83892822265625,-1,-1,-1,-1
44,1,1562.0233154296875,862.2362060546875,94.4501953125,71.69757080078125,-1,-1,-1,-1
45,1,1566.11474609375,865.1484375,97.38916015625,69.3458251953125,-1,-1,-1,-1
46,1,1575.4375,865.8009033203125,95.552490234375,68.04449462890625,-1,-1,-1,-1
47,1,1581.056884765625,866.7859497070312,96.634033203125,68.52239990234375,-1,-1,-1,-1
48,1,1585.467529296875,868.4188842773438,96.8525390625,65.70611572265625,-1,-1,-1,-1
49,1,1590.6937255859375,869.05419921875,98.4200439453125,65.03515625,-1,-1,-1,-1
50,1,1597.2764892578125,874.3565063476562,99.078125,66.97149658203125,-1,-1,-1,-1
51,1,1600.2861328125,876.2603149414062,99.2869873046875,65.06390380859375,-1,-1,-1,-1
52,1,1601.5833740234375,877.7421875,98.5733642578125,62.99261474609375,-1,-1,-1,-1
53,1,1606.773681640625,885.5624389648438,97.3077392578125,62.60693359375,-1,-1,-1,-1
54,1,1609.266357421875,887.7904663085938,98.68701171875,61.88739013671875,-1,-1,-1,-1
55,1,1620.8592529296875,897.0695190429688,103.3475341796875,62.1544189453125,-1,-1,-1,-1
56,1,1630.393798828125,901.4725341796875,103.2716064453125,64.6566162109375,-1,-1,-1,-1
57,1,1642.4267578125,904.566162109375,96.0513916015625,59.763671875,-1,-1,-1,-1
58,1,1648.2459716796875,907.625244140625,101.3514404296875,65.71002197265625,-1,-1,-1,-1
59,1,1652.6309814453125,909.443115234375,98.7708740234375,64.91571044921875,-1,-1,-1,-1
60,1,1659.8895263671875,913.0598754882812,97.3919677734375,62.83172607421875,-1,-1,-1,-1
61,1,1667.119873046875,917.6206665039062,100.3050537109375,65.4739990234375,-1,-1,-1,-1
62,1,1668.4866943359375,918.3771362304688,98.31494140625,67.9261474609375,-1,-1,-1,-1
63,1,1674.6455078125,924.9671630859375,99.9652099609375,70.62811279296875,-1,-1,-1,-1
64,1,1676.5677490234375,932.4363403320312,98.4368896484375,67.77203369140625,-1,-1,-1,-1
65,1,1682.3138427734375,932.3211669921875,98.34765625,72.52386474609375,-1,-1,-1,-1
66,1,1685.8538818359375,933.07177734375,98.451904296875,70.93060302734375,-1,-1,-1,-1
67,1,1693.136474609375,939.4580078125,100.654296875,70.5341796875,-1,-1,-1,-1
68,1,1701.4034423828125,937.5679931640625,98.013671875,72.9588623046875,-1,-1,-1,-1
69,1,1710.7750244140625,937.6650390625,95.5980224609375,72.72265625,-1,-1,-1,-1
70,1,1717.6158447265625,943.9849243164062,95.16162109375,68.57354736328125,-1,-1,-1,-1
71,1,1718.6927490234375,964.0186767578125,96.757568359375,73.1031494140625,-1,-1,-1,-1
2,2,1207.8450927734375,903.2337646484375,173.314453125,109.6221923828125,-1,-1,-1,-1
3,2,1225.315185546875,889.874267578125,172.9468994140625,106.21307373046875,-1,-1,-1,-1
4,2,1225.5714111328125,889.67236328125,172.5322265625,106.4969482421875,-1,-1,-1,-1
5,2,1231.17919921875,894.8456420898438,173.73974609375,109.27777099609375,-1,-1,-1,-1
6,2,1239.5389404296875,896.4027709960938,171.933349609375,107.65118408203125,-1,-1,-1,-1
7,2,1245.5001220703125,896.5675659179688,164.4140625,108.82684326171875,-1,-1,-1,-1
8,2,1245.6031494140625,896.6466674804688,164.3121337890625,108.74114990234375,-1,-1,-1,-1
9,2,1247.0462646484375,898.3652954101562,160.42041015625,106.7659912109375,-1,-1,-1,-1
10,2,1239.8699951171875,906.586181640625,161.1353759765625,104.7608642578125,-1,-1,-1,-1
11,2,1232.10302734375,905.6316528320312,168.2967529296875,107.0751953125,-1,-1,-1,-1
12,2,1226.018798828125,908.183837890625,164.79248046875,104.40521240234375,-1,-1,-1,-1
13,2,1220.62939453125,913.669677734375,161.104248046875,107.2205810546875,-1,-1,-1,-1
14,2,1215.686279296875,916.2192993164062,158.6873779296875,106.52325439453125,-1,-1,-1,-1
15,2,1210.099609375,920.9636840820312,165.8231201171875,108.54840087890625,-1,-1,-1,-1
16,2,1209.7821044921875,922.2147827148438,162.810791015625,107.15728759765625,-1,-1,-1,-1
17,2,1204.3387451171875,922.8969116210938,158.5693359375,105.78497314453125,-1,-1,-1,-1
18,2,1197.5753173828125,921.1817016601562,160.815673828125,107.19207763671875,-1,-1,-1,-1
19,2,1193.2222900390625,921.3457641601562,162.8919677734375,106.67254638671875,-1,-1,-1,-1
20,2,1187.255859375,921.9448852539062,159.110595703125,106.14947509765625,-1,-1,-1,-1
21,2,1180.3563232421875,921.1784057617188,155.669677734375,107.68402099609375,-1,-1,-1,-1
22,2,1175.0599365234375,920.9853515625,152.145751953125,107.7779541015625,-1,-1,-1,-1
23,2,1166.845458984375,914.4756469726562,148.7828369140625,107.15869140625,-1,-1,-1,-1
24,2,1162.0028076171875,914.4168090820312,144.929443359375,107.23919677734375,-1,-1,-1,-1
25,2,1158.022705078125,915.1644897460938,146.5880126953125,106.28155517578125,-1,-1,-1,-1
26,2,1155.601318359375,914.3035888671875,141.537109375,109.4853515625,-1,-1,-1,-1
27,2,1152.7266845703125,911.9103393554688,145.0235595703125,112.02587890625,-1,-1,-1,-1
28,2,1153.3770751953125,910.9727783203125,143.365478515625,112.322265625,-1,-1,-1,-1
29,2,1154.857421875,905.017822265625,142.2374267578125,111.2762451171875,-1,-1,-1,-1
30,2,1159.40576171875,903.6721801757812,144.2330322265625,110.7977294921875,-1,-1,-1,-1
31,2,1162.2601318359375,896.096435546875,141.5787353515625,112.45709228515625,-1,-1,-1,-1
32,2,1164.147705078125,894.5647583007812,136.9122314453125,113.72894287109375,-1,-1,-1,-1
33,2,1164.157958984375,895.2333374023438,136.3902587890625,110.6043701171875,-1,-1,-1,-1
34,2,1165.6978759765625,892.9484252929688,133.48486328125,113.3968505859375,-1,-1,-1,-1
35,2,1167.1845703125,891.8082275390625,131.86376953125,116.75689697265625,-1,-1,-1,-1
36,2,1166.11376953125,892.041015625,132.58056640625,115.69818115234375,-1,-1,-1,-1
37,2,1167.522216796875,887.1339721679688,133.183349609375,113.540283203125,-1,-1,-1,-1
38,2,1170.7354736328125,887.7003173828125,125.513671875,112.24847412109375,-1,-1,-1,-1
39,2,1171.77197265625,886.3536987304688,122.6734619140625,111.68988037109375,-1,-1,-1,-1
40,2,1172.0771484375,884.539306640625,121.5218505859375,114.23675537109375,-1,-1,-1,-1
41,2,1172.05322265625,883.7301635742188,119.0572509765625,116.011474609375,-1,-1,-1,-1
42,2,1171.95947265625,877.8712158203125,108.436767578125,109.6392822265625,-1,-1,-1,-1
43,2,1167.290771484375,870.6862182617188,101.005126953125,107.8897705078125,-1,-1,-1,-1
44,2,1166.37158203125,863.9718627929688,95.5806884765625,105.69024658203125,-1,-1,-1,-1
45,2,1161.4090576171875,856.5438232421875,92.0362548828125,105.0830078125,-1,-1,-1,-1
46,2,1158.5382080078125,850.838623046875,86.376220703125,100.9185791015625,-1,-1,-1,-1
47,2,1159.0362548828125,848.2471923828125,83.1053466796875,101.0987548828125,-1,-1,-1,-1
48,2,1159.216552734375,842.9254760742188,81.4185791015625,99.2772216796875,-1,-1,-1,-1
49,2,1159.691162109375,835.1341552734375,80.9749755859375,98.4288330078125,-1,-1,-1,-1
50,2,1158.554931640625,831.2471923828125,79.575439453125,101.410888671875,-1,-1,-1,-1
51,2,1156.9869384765625,826.9771728515625,81.2681884765625,96.558349609375,-1,-1,-1,-1
52,2,1154.829833984375,819.5517578125,78.47900390625,93.43121337890625,-1,-1,-1,-1
53,2,1154.699462890625,817.4612426757812,78.4561767578125,96.52777099609375,-1,-1,-1,-1
54,2,1158.405517578125,814.618408203125,79.6431884765625,87.7701416015625,-1,-1,-1,-1
55,2,1162.2164306640625,814.2317504882812,79.30078125,87.9779052734375,-1,-1,-1,-1
56,2,1169.11572265625,810.6343383789062,78.8216552734375,88.91778564453125,-1,-1,-1,-1
57,2,1171.134521484375,806.74560546875,74.9775390625,85.60791015625,-1,-1,-1,-1
58,2,1174.4168701171875,801.9705200195312,70.3013916015625,89.58636474609375,-1,-1,-1,-1
59,2,1176.618896484375,798.5713500976562,68.2049560546875,87.54925537109375,-1,-1,-1,-1
60,2,1181.640380859375,794.7280883789062,66.9205322265625,91.02490234375,-1,-1,-1,-1
61,2,1184.8077392578125,790.5986328125,65.349609375,85.34735107421875,-1,-1,-1,-1
62,2,1187.9564208984375,790.8585205078125,62.155517578125,84.56903076171875,-1,-1,-1,-1
63,2,1191.1131591796875,786.8850708007812,65.3692626953125,87.6802978515625,-1,-1,-1,-1
64,2,1192.1578369140625,786.1495361328125,65.2122802734375,89.95166015625,-1,-1,-1,-1
65,2,1194.471923828125,781.3931884765625,63.8818359375,85.20208740234375,-1,-1,-1,-1
66,2,1202.78662109375,774.2930297851562,61.1895751953125,82.2835693359375,-1,-1,-1,-1
67,2,1203.706787109375,770.7545166015625,61.0506591796875,86.00421142578125,-1,-1,-1,-1
68,2,1207.412841796875,770.3720703125,57.4560546875,87.8402099609375,-1,-1,-1,-1
69,2,1213.4183349609375,764.2449340820312,61.372802734375,86.377197265625,-1,-1,-1,-1
70,2,1217.9891357421875,770.5822143554688,62.364990234375,87.4903564453125,-1,-1,-1,-1
71,2,1218.5841064453125,785.5321655273438,59.773193359375,77.68756103515625,-1,-1,-1,-1
3,3,866.333984375,895.8253173828125,139.06158447265625,76.3577880859375,-1,-1,-1,-1
4,3,866.0296020507812,895.7390747070312,140.234619140625,76.6871337890625,-1,-1,-1,-1
5,3,868.4846801757812,896.212646484375,139.36090087890625,75.81146240234375,-1,-1,-1,-1
6,3,873.8953247070312,898.2459716796875,132.5120849609375,74.33026123046875,-1,-1,-1,-1
7,3,876.8773803710938,903.8863525390625,136.14801025390625,76.220947265625,-1,-1,-1,-1
8,3,876.793701171875,903.8541259765625,136.2880859375,76.10162353515625,-1,-1,-1,-1
9,3,872.6498413085938,911.4728393554688,132.24591064453125,77.99908447265625,-1,-1,-1,-1
10,3,865.5504150390625,921.018310546875,131.42840576171875,77.27276611328125,-1,-1,-1,-1
11,3,852.6351928710938,919.156982421875,137.1473388671875,79.13787841796875,-1,-1,-1,-1
12,3,846.9750366210938,922.3916625976562,129.29669189453125,75.39202880859375,-1,-1,-1,-1
13,3,837.1771240234375,927.460693359375,133.75567626953125,76.520263671875,-1,-1,-1,-1
13,4,825.9547119140625,910.4830932617188,86.23712158203125,114.031494140625,-1,-1,-1,-1
14,4,823.9658203125,911.04931640625,90.76800537109375,114.14227294921875,-1,-1,-1,-1
15,4,820.5479125976562,932.250244140625,129.94683837890625,88.0511474609375,-1,-1,-1,-1
16,4,812.42333984375,942.791015625,133.50946044921875,81.59027099609375,-1,-1,-1,-1
17,4,805.2409057617188,944.586669921875,143.51593017578125,82.4031982421875,-1,-1,-1,-1
18,4,799.9947509765625,946.2783203125,141.0794677734375,78.5496826171875,-1,-1,-1,-1
19,4,792.7575073242188,946.1976928710938,149.44818115234375,80.23199462890625,-1,-1,-1,-1
20,4,788.9879760742188,948.4679565429688,146.863037109375,77.0316162109375,-1,-1,-1,-1
21,4,779.9423217773438,950.2256469726562,146.4522705078125,75.48095703125,-1,-1,-1,-1
22,4,772.1510009765625,951.3009033203125,157.1439208984375,80.4814453125,-1,-1,-1,-1
23,4,764.8280029296875,951.3738403320312,156.399169921875,80.54925537109375,-1,-1,-1,-1
24,4,755.4986572265625,952.3065795898438,158.805419921875,81.98663330078125,-1,-1,-1,-1
25,4,748.70068359375,953.733642578125,159.9166259765625,81.174560546875,-1,-1,-1,-1
26,4,747.8798217773438,954.90283203125,158.3170166015625,81.862548828125,-1,-1,-1,-1
27,4,750.1626586914062,954.9082641601562,155.35455322265625,81.55841064453125,-1,-1,-1,-1
28,4,749.5706176757812,953.0344848632812,157.3597412109375,82.83868408203125,-1,-1,-1,-1
29,4,757.7216186523438,952.5956420898438,153.73443603515625,80.77947998046875,-1,-1,-1,-1
30,4,769.4053344726562,953.460693359375,150.200927734375,79.6168212890625,-1,-1,-1,-1
31,4,776.0562744140625,951.6468505859375,151.87847900390625,82.80029296875,-1,-1,-1,-1
32,4,776.6083374023438,952.6158447265625,154.349853515625,83.092041015625,-1,-1,-1,-1
33,4,780.0463256835938,954.4942016601562,149.3135986328125,81.31671142578125,-1,-1,-1,-1
34,4,783.7622680664062,960.7780151367188,157.95318603515625,84.09124755859375,-1,-1,-1,-1
35,4,791.9345703125,965.1820678710938,156.350830078125,85.80853271484375,-1,-1,-1,-1
36,4,802.4500122070312,969.404296875,150.43359375,83.08837890625,-1,-1,-1,-1
37,4,804.57275390625,971.6908569335938,151.400146484375,81.41070556640625,-1,-1,-1,-1
38,4,810.5087890625,983.2288818359375,155.12847900390625,85.0421142578125,-1,-1,-1,-1
39,4,820.4090576171875,987.733154296875,153.45855712890625,82.32177734375,-1,-1,-1,-1
40,4,823.6581420898438,990.6705322265625,161.35723876953125,87.14111328125,-1,-1,-1,-1
41,4,821.759765625,997.543212890625,162.98553466796875,88.102294921875,-1,-1,-1,-1
42,4,824.348388671875,1000.8596801757812,159.418212890625,85.98553466796875,-1,-1,-1,-1
43,4,825.1554565429688,1002.5960083007812,160.767333984375,87.45635986328125,-1,-1,-1,-1
44,4,826.4168090820312,1007.1316528320312,159.48236083984375,90.19073486328125,-1,-1,-1,-1
45,4,828.8626098632812,1007.5665893554688,161.677978515625,92.72015380859375,-1,-1,-1,-1
46,4,828.843505859375,1013.8707275390625,164.09100341796875,92.986328125,-1,-1,-1,-1
47,4,829.8360595703125,1017.0000610351562,162.24371337890625,90.95989990234375,-1,-1,-1,-1
48,4,827.9457397460938,1021.7633666992188,166.6536865234375,91.47332763671875,-1,-1,-1,-1
49,4,830.98583984375,1023.2173461914062,162.71026611328125,90.95745849609375,-1,-1,-1,-1
50,4,830.6815185546875,1027.7589111328125,164.52764892578125,95.3670654296875,-1,-1,-1,-1
51,4,827.569580078125,1032.10693359375,166.988037109375,94.036865234375,-1,-1,-1,-1
52,4,827.0992431640625,1035.1378173828125,165.527587890625,90.2852783203125,-1,-1,-1,-1
53,4,825.4592895507812,1043.2559814453125,159.249267578125,88.1092529296875,-1,-1,-1,-1
54,4,825.1620483398438,1054.6163330078125,156.59112548828125,86.2161865234375,-1,-1,-1,-1
55,4,829.891845703125,1059.9200439453125,162.65716552734375,88.351318359375,-1,-1,-1,-1
56,4,832.9379272460938,1069.2841796875,158.504638671875,85.1876220703125,-1,-1,-1,-1
57,4,833.140869140625,1075.5172119140625,158.60858154296875,85.1695556640625,-1,-1,-1,-1
58,4,832.6854858398438,1078.216796875,158.1064453125,84.980712890625,-1,-1,-1,-1
59,4,829.2367553710938,1083.4771728515625,162.11669921875,89.2498779296875,-1,-1,-1,-1
60,4,824.1516723632812,1089.6973876953125,159.23321533203125,90.0572509765625,-1,-1,-1,-1
61,4,823.28759765625,1093.119140625,157.58428955078125,86.658935546875,-1,-1,-1,-1
62,4,819.1519165039062,1101.800048828125,154.08673095703125,87.08837890625,-1,-1,-1,-1
63,4,817.1486206054688,1110.2706298828125,151.68255615234375,86.4010009765625,-1,-1,-1,-1
64,4,810.1905517578125,1123.2012939453125,152.57696533203125,91.2197265625,-1,-1,-1,-1
65,4,807.0269775390625,1129.6298828125,156.41455078125,93.8233642578125,-1,-1,-1,-1
66,4,809.566650390625,1135.4429931640625,154.5408935546875,89.3634033203125,-1,-1,-1,-1
67,4,805.9591064453125,1143.7724609375,157.248779296875,90.950927734375,-1,-1,-1,-1
68,4,806.5720825195312,1145.84716796875,146.77813720703125,87.6934814453125,-1,-1,-1,-1
69,4,810.6527099609375,1151.630859375,150.31414794921875,90.7340087890625,-1,-1,-1,-1
70,4,813.37158203125,1182.4375,146.3447265625,90.15283203125,-1,-1,-1,-1
71,4,806.5093994140625,1213.716552734375,145.63385009765625,88.9736328125,-1,-1,-1,-1
16,5,826.3863525390625,898.76416015625,71.897705078125,118.62957763671875,-1,-1,-1,-1
17,5,826.2667236328125,881.3800048828125,71.39678955078125,124.01422119140625,-1,-1,-1,-1
18,5,824.2565307617188,874.538330078125,72.7493896484375,122.01025390625,-1,-1,-1,-1
19,5,824.0347290039062,868.5786743164062,72.542236328125,117.06243896484375,-1,-1,-1,-1
20,5,823.43408203125,868.100830078125,72.825927734375,115.1767578125,-1,-1,-1,-1
21,5,820.5195922851562,865.90966796875,69.9071044921875,118.82354736328125,-1,-1,-1,-1
22,5,820.9444580078125,859.5528564453125,68.11370849609375,111.610595703125,-1,-1,-1,-1
23,5,816.8394165039062,857.6068725585938,72.07391357421875,115.732421875,-1,-1,-1,-1
24,5,814.9448852539062,853.3775634765625,68.43890380859375,112.14825439453125,-1,-1,-1,-1
25,5,815.1517333984375,852.7670288085938,67.98748779296875,111.86163330078125,-1,-1,-1,-1
26,5,815.5398559570312,851.4954223632812,70.17822265625,112.32666015625,-1,-1,-1,-1
27,5,816.1736450195312,846.9336547851562,76.42498779296875,108.77227783203125,-1,-1,-1,-1
28,5,824.1944580078125,843.9087524414062,74.62158203125,109.35015869140625,-1,-1,-1,-1
29,5,834.492431640625,838.6605224609375,73.12579345703125,104.3590087890625,-1,-1,-1,-1
30,5,848.283447265625,827.3135375976562,76.6500244140625,95.919677734375,-1,-1,-1,-1
31,5,858.540771484375,819.38427734375,76.2379150390625,94.96209716796875,-1,-1,-1,-1
32,5,867.5349731445312,816.8003540039062,72.6063232421875,96.68902587890625,-1,-1,-1,-1
33,5,875.7352294921875,814.9016723632812,76.17559814453125,99.03009033203125,-1,-1,-1,-1
34,5,882.88037109375,814.7537231445312,76.318115234375,99.17437744140625,-1,-1,-1,-1
35,5,892.4166259765625,814.2544555664062,75.071533203125,99.70751953125,-1,-1,-1,-1
36,5,900.232421875,814.9036254882812,74.1640625,98.77740478515625,-1,-1,-1,-1
37,5,906.9557495117188,815.6134033203125,76.13909912109375,98.35955810546875,-1,-1,-1,-1
38,5,915.1157836914062,819.5018920898438,76.92279052734375,94.0950927734375,-1,-1,-1,-1
39,5,923.7651977539062,820.1121215820312,76.14251708984375,93.07861328125,-1,-1,-1,-1
40,5,928.6773071289062,825.5982055664062,71.5784912109375,93.27313232421875,-1,-1,-1,-1
41,5,928.6279296875,828.3246459960938,72.298583984375,90.3800048828125,-1,-1,-1,-1
42,5,934.0363159179688,829.1568603515625,73.2984619140625,89.950927734375,-1,-1,-1,-1
43,5,935.6334838867188,829.7893676757812,70.697021484375,88.39434814453125,-1,-1,-1,-1
44,5,934.937744140625,818.61328125,71.46240234375,78.56982421875,-1,-1,-1,-1
45,5,935.8635864257812,818.48388671875,72.2352294921875,80.218505859375,-1,-1,-1,-1
46,5,937.96142578125,823.5911254882812,71.52056884765625,82.96087646484375,-1,-1,-1,-1
47,5,941.05126953125,825.8612060546875,74.242919921875,79.19769287109375,-1,-1,-1,-1
48,5,941.4169311523438,827.9478149414062,74.8980712890625,76.236083984375,-1,-1,-1,-1
49,5,942.6285400390625,831.5213623046875,74.69781494140625,72.9566650390625,-1,-1,-1,-1
50,5,942.7522583007812,834.1551513671875,78.7044677734375,78.73846435546875,-1,-1,-1,-1
51,5,942.2356567382812,840.4856567382812,79.43426513671875,81.42974853515625,-1,-1,-1,-1
52,5,939.022216796875,849.7509155273438,83.39013671875,80.05194091796875,-1,-1,-1,-1
53,5,932.3956909179688,857.7932739257812,80.32513427734375,82.0699462890625,-1,-1,-1,-1
54,5,932.20654296875,867.261962890625,79.14544677734375,81.25250244140625,-1,-1,-1,-1
55,5,931.1642456054688,876.7681274414062,80.49420166015625,81.8897705078125,-1,-1,-1,-1
56,5,931.6309814453125,885.9862060546875,80.79705810546875,79.7877197265625,-1,-1,-1,-1
57,5,933.931396484375,892.5691528320312,78.089111328125,81.05853271484375,-1,-1,-1,-1
58,5,934.77685546875,899.779296875,76.871337890625,80.67529296875,-1,-1,-1,-1
59,5,933.9188232421875,903.9778442382812,76.1131591796875,78.857421875,-1,-1,-1,-1
60,5,933.6381225585938,910.6297607421875,77.7001953125,75.60675048828125,-1,-1,-1,-1
61,5,932.9998168945312,918.0794067382812,78.2322998046875,77.87493896484375,-1,-1,-1,-1
62,5,932.1024169921875,923.7213134765625,79.71563720703125,75.0498046875,-1,-1,-1,-1
63,5,932.4028930664062,932.916259765625,75.3482666015625,72.0989990234375,-1,-1,-1,-1
64,5,925.6647338867188,943.6129150390625,77.58905029296875,75.89447021484375,-1,-1,-1,-1
65,5,926.5897216796875,949.7882080078125,76.5919189453125,69.9654541015625,-1,-1,-1,-1
66,5,925.4766235351562,956.1040649414062,77.07489013671875,71.61224365234375,-1,-1,-1,-1
67,5,931.0160522460938,960.0741577148438,78.6649169921875,69.11444091796875,-1,-1,-1,-1
68,5,930.8524780273438,967.6705932617188,79.0068359375,68.63616943359375,-1,-1,-1,-1
69,5,933.2508544921875,975.7470703125,80.17462158203125,69.27099609375,-1,-1,-1,-1
70,5,938.7185668945312,996.6285400390625,79.57122802734375,74.170166015625,-1,-1,-1,-1
71,5,936.3582763671875,1039.8101806640625,74.8878173828125,72.51025390625,-1,-1,-1,-1
