1 1 1130.00 798.00 166.00 113.00 -1 -1 -1 -1
1 2 720.00 872.00 143.00 123.00 -1 -1 -1 -1
2 1 1128.00 795.00 169.00 110.00 -1 -1 -1 -1
2 2 719.00 853.00 151.00 114.00 -1 -1 -1 -1
3 1 1140.00 775.00 157.00 107.00 -1 -1 -1 -1
3 2 757.00 810.00 178.00 122.00 -1 -1 -1 -1
4 1 1141.00 776.00 157.00 106.00 -1 -1 -1 -1
4 2 756.00 810.00 179.00 124.00 -1 -1 -1 -1
5 1 1144.00 774.00 153.00 106.00 -1 -1 -1 -1
5 2 777.00 803.00 158.00 114.00 -1 -1 -1 -1
6 1 1155.00 778.00 157.00 111.00 -1 -1 -1 -1
6 2 769.00 802.00 164.00 124.00 -1 -1 -1 -1
7 1 1159.00 784.00 162.00 107.00 -1 -1 -1 -1
7 2 801.00 809.00 133.00 103.00 -1 -1 -1 -1
8 1 1158.00 783.00 164.00 108.00 -1 -1 -1 -1
8 2 798.00 800.00 139.00 113.00 -1 -1 -1 -1
9 1 1158.00 786.00 166.00 115.00 -1 -1 -1 -1
9 2 796.00 803.00 139.00 108.00 -1 -1 -1 -1
10 1 1149.00 795.00 176.00 115.00 -1 -1 -1 -1
10 2 800.00 822.00 131.00 96.00 -1 -1 -1 -1
11 1 1145.00 798.00 166.00 111.00 -1 -1 -1 -1
11 2 791.00 824.00 130.00 98.00 -1 -1 -1 -1
12 1 1136.00 802.00 166.00 111.00 -1 -1 -1 -1
12 2 771.00 812.00 139.00 115.00 -1 -1 -1 -1
13 1 1139.00 800.00 157.00 113.00 -1 -1 -1 -1
13 2 777.00 809.00 120.00 132.00 -1 -1 -1 -1
14 1 1137.00 807.00 160.00 111.00 -1 -1 -1 -1
14 2 771.00 802.00 121.00 154.00 -1 -1 -1 -1
15 1 1137.00 815.00 156.00 110.00 -1 -1 -1 -1
15 2 773.00 818.00 117.00 135.00 -1 -1 -1 -1
16 1 1137.00 820.00 153.00 102.00 -1 -1 -1 -1
16 2 765.00 842.00 118.00 108.00 -1 -1 -1 -1
17 1 1131.00 814.00 144.00 112.00 -1 -1 -1 -1
17 2 758.00 844.00 113.00 105.00 -1 -1 -1 -1
18 1 1126.00 816.00 151.00 112.00 -1 -1 -1 -1
18 2 750.00 844.00 116.00 105.00 -1 -1 -1 -1
19 1 1121.00 815.00 150.00 108.00 -1 -1 -1 -1
19 2 738.00 857.00 118.00 89.00 -1 -1 -1 -1
20 1 1111.00 815.00 155.00 112.00 -1 -1 -1 -1
20 2 720.00 864.00 137.00 85.00 -1 -1 -1 -1
21 1 1108.00 810.00 146.00 111.00 -1 -1 -1 -1
21 2 712.00 870.00 138.00 83.00 -1 -1 -1 -1
21 3 808.00 751.00 51.00 114.00 -1 -1 -1 -1
22 1 1098.00 807.00 145.00 112.00 -1 -1 -1 -1
22 2 696.00 872.00 152.00 79.00 -1 -1 -1 -1
22 3 800.00 750.00 52.00 102.00 -1 -1 -1 -1
23 1 1098.00 807.00 140.00 109.00 -1 -1 -1 -1
23 2 697.00 870.00 147.00 84.00 -1 -1 -1 -1
23 3 792.00 745.00 61.00 104.00 -1 -1 -1 -1
24 1 1090.00 803.00 144.00 113.00 -1 -1 -1 -1
24 2 681.00 869.00 153.00 91.00 -1 -1 -1 -1
25 1 1085.00 800.00 144.00 118.00 -1 -1 -1 -1
25 2 667.00 873.00 166.00 82.00 -1 -1 -1 -1
26 1 1083.00 802.00 140.00 115.00 -1 -1 -1 -1
26 2 664.00 878.00 167.00 76.00 -1 -1 -1 -1
27 1 1082.00 793.00 137.00 123.00 -1 -1 -1 -1
27 2 657.00 881.00 173.00 70.00 -1 -1 -1 -1
28 1 1083.00 795.00 136.00 123.00 -1 -1 -1 -1
28 2 660.00 879.00 167.00 74.00 -1 -1 -1 -1
28 3 802.00 737.00 64.00 96.00 -1 -1 -1 -1
29 1 811.00 733.00 60.00 95.00 -1 -1 -1 -1
29 2 665.00 878.00 168.00 71.00 -1 -1 -1 -1
30 1 824.00 733.00 58.00 91.00 -1 -1 -1 -1
30 2 673.00 873.00 178.00 80.00 -1 -1 -1 -1
30 3 1098.00 789.00 123.00 120.00 -1 -1 -1 -1
30 4 91.00 714.00 86.00 51.00 -1 -1 -1 -1
31 1 1104.00 792.00 111.00 101.00 -1 -1 -1 -1
31 2 694.00 874.00 160.00 80.00 -1 -1 -1 -1
32 1 1106.00 786.00 110.00 104.00 -1 -1 -1 -1
32 2 692.00 874.00 165.00 76.00 -1 -1 -1 -1
33 1 1095.00 780.00 132.00 114.00 -1 -1 -1 -1
33 2 702.00 876.00 161.00 79.00 -1 -1 -1 -1
34 1 1108.00 783.00 109.00 106.00 -1 -1 -1 -1
34 2 711.00 882.00 153.00 78.00 -1 -1 -1 -1
35 1 870.00 729.00 55.00 87.00 -1 -1 -1 -1
35 2 719.00 887.00 154.00 71.00 -1 -1 -1 -1
36 1 875.00 727.00 57.00 88.00 -1 -1 -1 -1
36 2 729.00 890.00 144.00 74.00 -1 -1 -1 -1
36 3 1109.00 780.00 112.00 101.00 -1 -1 -1 -1
37 1 1109.00 778.00 113.00 105.00 -1 -1 -1 -1
37 2 736.00 890.00 146.00 80.00 -1 -1 -1 -1
37 3 880.00 731.00 57.00 83.00 -1 -1 -1 -1
38 1 1116.00 780.00 106.00 102.00 -1 -1 -1 -1
38 2 747.00 897.00 144.00 80.00 -1 -1 -1 -1
38 3 888.00 731.00 58.00 88.00 -1 -1 -1 -1
39 1 1121.00 780.00 102.00 99.00 -1 -1 -1 -1
39 2 749.00 898.00 153.00 82.00 -1 -1 -1 -1
39 3 371.00 753.00 65.00 52.00 -1 -1 -1 -1
40 1 396.00 758.00 69.00 49.00 -1 -1 -1 -1
40 2 750.00 903.00 151.00 82.00 -1 -1 -1 -1
41 1 1123.00 776.00 98.00 102.00 -1 -1 -1 -1
41 2 754.00 912.00 147.00 79.00 -1 -1 -1 -1
42 1 430.00 770.00 62.00 50.00 -1 -1 -1 -1
42 2 761.00 917.00 136.00 82.00 -1 -1 -1 -1
43 1 1124.00 763.00 85.00 111.00 -1 -1 -1 -1
43 2 757.00 918.00 138.00 81.00 -1 -1 -1 -1
43 3 444.00 772.00 67.00 50.00 -1 -1 -1 -1
43 5 1498.00 793.00 113.00 56.00 -1 -1 -1 -1
44 1 469.00 772.00 59.00 55.00 -1 -1 -1 -1
44 2 763.00 923.00 133.00 83.00 -1 -1 -1 -1
44 3 1116.00 752.00 82.00 110.00 -1 -1 -1 -1
44 5 1498.00 797.00 117.00 54.00 -1 -1 -1 -1
45 2 763.00 930.00 134.00 74.00 -1 -1 -1 -1
45 3 1121.00 752.00 74.00 106.00 -1 -1 -1 -1
46 1 1122.00 744.00 65.00 114.00 -1 -1 -1 -1
46 2 757.00 932.00 152.00 81.00 -1 -1 -1 -1
46 3 490.00 783.00 60.00 56.00 -1 -1 -1 -1
46 5 1521.00 806.00 101.00 49.00 -1 -1 -1 -1
47 1 1527.00 806.00 108.00 49.00 -1 -1 -1 -1
47 2 759.00 936.00 150.00 76.00 -1 -1 -1 -1
47 3 1124.00 743.00 65.00 103.00 -1 -1 -1 -1
48 1 1127.00 737.00 64.00 103.00 -1 -1 -1 -1
48 2 758.00 938.00 155.00 79.00 -1 -1 -1 -1
48 5 1519.00 807.00 123.00 50.00 -1 -1 -1 -1
49 1 1538.00 810.00 107.00 49.00 -1 -1 -1 -1
49 2 769.00 940.00 141.00 80.00 -1 -1 -1 -1
50 1 1537.00 814.00 122.00 51.00 -1 -1 -1 -1
50 2 771.00 944.00 139.00 85.00 -1 -1 -1 -1
51 1 1548.00 815.00 114.00 52.00 -1 -1 -1 -1
51 2 766.00 948.00 138.00 87.00 -1 -1 -1 -1
52 1 1545.00 820.00 113.00 55.00 -1 -1 -1 -1
52 2 761.00 955.00 149.00 81.00 -1 -1 -1 -1
53 1 1549.00 821.00 109.00 58.00 -1 -1 -1 -1
53 2 751.00 960.00 157.00 82.00 -1 -1 -1 -1
53 3 1122.00 727.00 72.00 91.00 -1 -1 -1 -1
54 1 1569.00 827.00 93.00 50.00 -1 -1 -1 -1
54 2 755.00 969.00 144.00 82.00 -1 -1 -1 -1
54 3 1123.00 726.00 74.00 95.00 -1 -1 -1 -1
55 2 759.00 974.00 146.00 101.00 -1 -1 -1 -1
56 1 1587.00 837.00 88.00 60.00 -1 -1 -1 -1
56 2 764.00 985.00 147.00 88.00 -1 -1 -1 -1
57 1 1140.00 712.00 72.00 100.00 -1 -1 -1 -1
57 2 763.00 991.00 150.00 85.00 -1 -1 -1 -1
57 5 1593.00 848.00 87.00 52.00 -1 -1 -1 -1
58 2 761.00 994.00 150.00 85.00 -1 -1 -1 -1
58 3 1144.00 703.00 65.00 108.00 -1 -1 -1 -1
59 2 766.00 997.00 138.00 81.00 -1 -1 -1 -1
59 3 1153.00 705.00 57.00 104.00 -1 -1 -1 -1
60 2 762.00 1004.00 130.00 75.00 -1 -1 -1 -1
60 3 1156.00 705.00 51.00 95.00 -1 -1 -1 -1
61 2 760.00 1012.00 134.00 72.00 -1 -1 -1 -1
61 3 1158.00 703.00 50.00 95.00 -1 -1 -1 -1
62 2 757.00 1021.00 131.00 72.00 -1 -1 -1 -1
63 2 756.00 1028.00 118.00 79.00 -1 -1 -1 -1
64 2 743.00 1034.00 140.00 87.00 -1 -1 -1 -1
65 2 732.00 1039.00 152.00 94.00 -1 -1 -1 -1
66 2 738.00 1048.00 140.00 90.00 -1 -1 -1 -1
66 3 1174.00 697.00 44.00 80.00 -1 -1 -1 -1
67 2 737.00 1053.00 140.00 87.00 -1 -1 -1 -1
67 3 1184.00 690.00 47.00 89.00 -1 -1 -1 -1
68 2 735.00 1055.00 139.00 90.00 -1 -1 -1 -1
68 3 1188.00 692.00 45.00 84.00 -1 -1 -1 -1
69 1 1666.00 871.00 98.00 58.00 -1 -1 -1 -1
69 2 736.00 1060.00 147.00 92.00 -1 -1 -1 -1
69 3 1198.00 685.00 46.00 88.00 -1 -1 -1 -1
70 1 1676.00 869.00 91.00 68.00 -1 -1 -1 -1
70 2 740.00 1082.00 137.00 104.00 -1 -1 -1 -1
70 3 1200.00 689.00 49.00 84.00 -1 -1 -1 -1
71 2 735.00 1124.00 140.00 89.00 -1 -1 -1 -1
71 3 1221.00 708.00 42.00 90.00 -1 -1 -1 -1
